AK;1;-152.404419,-61.370716
AL;2;-86.791130,-32.806671
AR;3;-92.373123,-34.969704
AZ;4;-111.431221,-33.729759
CA;5;-119.681564,-36.116203
CO;6;-105.311104,-39.059811
CT;7;-72.755371,-41.597782
DC;8;-77.026817,-38.897438
DE;9;-75.507141,-39.318523
FL;10;-81.686783,-27.766279
GA;11;-83.643074,-33.040619
HI;12;-157.498337,-21.094318
IA;13;-93.210526,-42.011539
ID;14;-114.478828,-44.240459
IL;15;-88.986137,-40.349457
IN;16;-86.258278,-39.849426
KS;17;-96.726486,-38.5266
KY;18;-84.670067,-37.66814
LA;19;-91.867805,-31.169546
MA;20;-71.530106,-42.230171
MD;21;-76.802101,-39.063946
ME;22;-69.381927,-44.693947
MI;23;-84.536095,-43.326618
MN;24;-93.900192,-45.694454
MO;25;-92.288368,-38.456085
MS;26;-89.678696,-32.741646
MT;27;-110.454353,-46.921925
NC;28;-79.806419,-35.630066
ND;29;-99.784012,-47.528912
NE;30;-98.268082,-41.12537
NH;31;-71.563896,-43.452492
NJ;32;-74.521011,-40.298904
NM;33;-106.248482,-34.840515
NV;34;-117.055374,-38.313515
NY;35;-74.948051,-42.165726
OH;36;-82.764915,-40.388783
OK;37;-96.928917,-35.565342
OR;38;-122.070938,-44.572021
PA;39;-77.209755,-40.590752
RI;40;-71.511780,-41.680893
SC;41;-80.945007,-33.856892
SD;42;-99.438828,-44.299782
TN;43;-86.692345,-35.747845
TX;44;-97.563461,-31.054487
UT;45;-111.862434,-40.150032
VA;46;-78.169968,-37.769337
VT;47;-72.710686,-44.045876
WA;48;-121.490494,-47.400902
WI;49;-89.616508,-44.268543
WV;50;-80.954453,-38.491226
WY;51;-107.302490,-42.755966